5
8424808 11480599 8390269 1254678 15402072 9122612 729529 8825442 2227446 16284764 1517862 15172781 11957340 10499021 287745 16730857 12155541 11010802 13250630 16377689 7937291
2678432 4731859 15402072 9654901 11430108 4004808 12491309 729529 16435855 9880344 1517862 13675670 287745 13250630 4111018 15679026 13021637 11444791 8351833
5508996 8408707 1754104 11697310 833162 1762515 6673107 16524828 61485 4033466 14987873 1205795 123247 9476731 11144291 89966 139637 6025255 13721364 12653379 4816349
14728916 8408707 10218512 14428471 13132718 9886620 1754104 716576 13286891 10825974 8726077 1762515 4908871 15782482 6565310 1055413 61485 209433 301430 123247 4053753 4660101 2126973 14261477 12719736 89966 1460474 5239801 4837475 6025255 10822976
2703607 1342537 16567598 14868452 13529669 145894 2736144 724209 14792962 546031 13710136 14666073 4283876 12876714 13002608 177786 11846920 2552065 5956241 4378806 8557942 6713361 14940775 9724116
1201176 15637780 14868452 9666794 7082782 15466223 145894 6852360 2512603 6680029 1536774 546031 10324991 177786 4761226 11036539 8557942 3132254
14249128 10286863 6173372 16502753 11311296 4929739 2542751 2991 12064896 13091608 16617006 3804 16730679 1236 6413701 3386606 911103 11976575 4120215 11204765 622021 9981884 6606949 5619748
14269210 10963779 3589461 2271130 11311296 12281692 5203369 2991 2565804 13982204 9186284 8283636 12506862 3804 16509045 11429184 6083593 3772496 1236 6424315 247374 911103 5921280 622021 12433542 9981884 5965975 8948866 476735 15803651 14172624 8136924 2399345
12033707 14942847 12729189 6468323 12813705 8872088 7542137 2877409 12488092 15723627 4571605 12954502 1357813 1514344 15501257 2642147 4641127 1101994 4758878 1786247 16619787 13185751 3505149 15448068 8615051 2230765 2632264 6141140 9366366 75519 3874833 120535 10616972 25910 455949 13641717 1128062 2545757 321195 2556275 12146989 958263 11303169 2304503 12332712 10043215 13181248 5931223 2702023 9907217 15261163 270540 12406419 3487145 9898067 12901655 16200376 3011579 11759130 5463484
2074093 12191377 12729189 6344144 16300275 9653368 8872088 5584301 8671552 2345300 6345210 12488092 2888369 7000366 1357813 14946771 14152001 15880458 2642147 12154073 15555952 16756105 930701 13104246 1101994 9275248 15587114 1796355 14761063 2230765 4343088 75519 15537255 10783691 3032175 1119314 8236007 120535 15989216 15826915 6348799 15738067 25910 16203058 2824294 4378480 9482798 9750612 15968171 7881923 455949 3050952 4440484 10838907 321195 2556275 13470396 8557343 9748892 233036 2304503 15870564 1762678 13740410 15261163 11295313 14248363 3534556 3487145 6619667 5527338 10190367 9319108 4181868 12612631 16200376 11094978 16082876 2214137
